-48938.39605377872
-48938.90718671013
-48939.41340121553
-48941.153897537646
-48943.148403447274
-48945.298774838746
-48947.73907154846
-48950.244542078355
-48952.57469783718
-48954.65118063079
-48956.31971458276
-48957.354285861285
-48957.61995567172
-48957.36303804143
-48956.58272881715
-48955.348942583274
-48953.747957508924
-48952.083547180315
-48949.97723590946
-48948.198701265894
-48946.424664270475
-48944.88452367931
-48943.344906722865
-48942.38407443227
-48941.296990072806
-48940.839632556
-48940.33742011588
-48940.394010067066
-48940.92334865527
-48941.49454996845
-48942.5395565387
-48943.75093868748
-48945.29621276892
-48947.41986008893
-48949.3035892055
-48951.366008666904
-48953.48672924291
-48955.22030610636
-48956.36832845522
-48957.01950561973
-48957.05504732568
-48956.246433775195
-48954.69104232311
-48952.81690694246
-48950.35114849497
-48948.06891466275
-48946.21340571679
-48944.134061633515
-48943.29736817168
-48943.13668712064
-48943.75483789593
-48944.77521493358
-48946.249237291966
-48947.71355370696
-48949.19471993889
-48950.42929162483
-48951.86964240124
-48952.38538518822
-48952.92746867127
-48952.86793327484
-48952.40601265555
-48951.71002732085
-48950.41549946059
-48949.114959151804
-48947.825331016335
-48946.530485235024
-48945.312258432525
-48944.62641852032
-48943.888579811275
-48943.59242698023
-48943.57642806971
-48943.75954125771
-48944.1391951238
-48944.83887395333
-48945.552531959525
-48946.81403343056
-48948.14590766638
-48949.08139977725
-48950.483020286345
-48951.498282534936
-48952.7916883208
-48953.463081525384
-48954.04847707945
-48954.6223152674
-48954.562733117884
-48954.29358487688
-48953.60782912025
-48952.396409568995
-48950.81757611302
-48948.814392828186
-48946.3341596212
-48944.21944214311
-48942.31019518505
-48940.80296877567
-48939.607650991755
-48939.82324823302
-48940.48043784609
-48942.06314245869
-48944.192708721035
-48946.95303039423
-48949.83590129082
-48952.72424230002
-48955.04094251691
-48957.17180851543
-48958.48474774611
-48959.05362075494
-48958.98877420645
-48958.31271504259
-48957.00092593815
-48955.378780411134
-48953.30932928363
-48951.08273163935
-48949.0156649199
-48946.797697897724
-48944.75573759248
-48942.93001972129
-48941.577835939206
-48940.36905326275
-48939.673815977614
-48939.37267926619
-48939.396523346746
-48940.124534554365
-48941.17159826097
-48942.55895907483
-48944.17205320186
-48946.08644300084
-48948.23865646441
-48950.42200749199
-48952.4926835507
-48954.36017064065
-48955.930167760904
-48957.04790345214
-48957.62160138079
-48957.57810229738
-48957.010557076566
-48955.76776619581
-48953.78073143142
-48951.91242148693
-48949.646055656536
-48947.585861642656
-48945.63782831355
-48944.354006912996
-48943.87609673381
-48944.40953089352
-48944.957093839774
-48946.207533527544
-48947.452129077945
-48948.80804375732
-48949.713987909556
-48950.42526150769
-48950.4931937607
-48950.14734238529
-48949.93997368946
-48949.10317737082
-48948.76442311585
-48948.18317923699
-48947.8939926177
-48947.73014170653
-48947.602674057096
-48947.60139302219
-48947.73964193628
-48948.30632690007
-48948.51057248888
-48948.87040304093
-48949.15346500423
-48949.39743202606
-48949.65169408029
-48949.633133099946
-48949.845822298455
-48949.885403472166
-48950.039744802976
-48949.99927532038
-48949.83295584558
-48949.643830209025
-48949.327657700924
-48948.91105953593
-48948.47048638169
-48947.769975346986
-48947.18304629127
-48946.430171785556
-48945.5400208302
-48944.98191038478
-48944.39048368093
-48944.066868079455
-48943.42056258786
-48943.20466612676
-48943.24771638043
-48943.566684723846
-48944.25198230011
-48945.11421230467
-48946.52807277511
-48947.83870240268
-48949.98842860139
-48951.98912462133
-48954.26426133311
-48956.219522691346
-48957.53966189929
-48958.31827866139
-48958.409194737935
-48957.87790187016
-48956.67616021044
-48955.00293224733
-48952.92800165659
-48950.500085167514
-48948.12903914822
-48946.0714726585
-48944.164928029546
-48942.587076388634
-48941.35414106118
-48940.42180010917
-48940.11978443949
-48940.209484935454
-48940.8985040584
-48941.35471144898
-48942.619420182615
-48944.208698280934
-48946.37233820194
-48948.094114583175
-48950.24217637155
-48952.0985362239
-48954.02197742287
-48955.70839911054
-48957.10774741901
-48958.13092964259
-48958.6079515129
-48958.53307174935
-48957.938886612654
-48956.74931945992
-48955.11290488707
-48953.08539128946
-48951.090314992034
-48948.90948863179
-48947.02775119724
-48945.23198336134
-48943.56791900566
-48942.24221617893
-48941.27264105879
-48940.773663933134
-48940.438490965564
-48940.15269862126
-48940.61648936452
-48941.099682643915
-48941.74023750432
-48942.686492178604
-48943.74730129636
-48945.184865588046
-48946.4314247686
-48947.55302226583
-48949.05534895043
-48950.30947278242
-48951.21395823796
-48952.003833146315
-48952.687288650464
-48953.10179227663
-48953.08291337522
-48952.97372618753
-48952.75972790225
-48952.26721205489
-48951.886323907
-48951.23258467264
-48950.407196110194
-48949.722964504595
-48948.938952434866
-48947.94903971661
-48947.02770444415
-48946.294512993154
-48945.238388535916
-48944.50543085043
-48943.957362970694
-48943.32136186215
-48943.009490639175
-48942.611612415065
-48942.81914007142
-48942.73029048186
-48943.27046643845
-48943.87792010468
-48944.52842402457
-48945.105703240624
-48946.05840049199
-48946.75327310293
-48947.69459064996
-48948.47284273789
-48948.9307612919
-48949.56819304527
-48950.26985420623
-48950.710343204875
-48951.403532704266
-48952.10616632968
-48952.80461087741
-48953.258602171074
-48953.71683864616
-48953.871899974685
-48953.78176935021
-48953.5117702028
-48953.04996179096
-48952.01237026222
-48950.70765957698
-48949.35811266969
-48947.62455450748
-48946.04194340109
-48944.42481915693
-48942.99350107928
-48941.7740960987
-48940.945874298435
-48940.63519995479
-48940.54211453445
-48941.051545653056
-48941.86120647297
-48943.09030804631
-48944.69523908222
-48946.58059520665
-48948.590052757376
-48950.417191922774
-48952.473168807126
-48954.29715681365
-48956.022897857685
-48957.40341401784
-48958.40407994888
-48958.91971987906
-48959.03914599545
-48958.6567243459
-48957.84833521028
-48956.58983528822
-48955.1107074914
-48953.13133088465
-48951.239261015195
-48949.27649110926
-48947.07499052859
-48945.09046173032
-48943.41405455646
-48942.392190770275
-48941.558882232835
-48941.206382566714
-48941.34071357111
-48941.68150626119
-48942.82112240283
-48944.24845711644
-48945.55241040147
-48947.515217709886
-48949.497296645764
-48951.357490252245
-48953.207762851096
-48954.85032078119
-48956.09621606772
-48957.06251847092
-48957.62445331984
-48957.828829817336
-48957.651429858044
-48957.121408674575
-48956.20480481574
-48955.00942157747
-48953.5370075257
-48951.83375472235
-48949.978947072894
-48948.23524348816
-48946.318628241665
-48944.79769382364
-48943.35820330426
-48942.04606822689
-48941.09011695983
-48940.32476872727
-48939.71336909948
-48939.57081890026
-48940.07322770338
-48940.54942671915
-48941.168886581225
-48942.20168124198
-48943.50886049087
-48944.95043619845
-48946.49938507349
-48948.12339137384
-48949.576963926665
-48951.26947286785
-48952.63371894951
-48953.71684799677
-48954.63857599528
-48955.31435464055
-48955.56589566443
-48955.43403322367
-48954.89117363919
-48954.03630257243
-48952.96143012246
-48951.30399535623
-48949.477922161495
-48947.81435338867
-48945.618182661296
-48943.88954292513
-48941.8084876784
-48940.50085024917
-48939.58719183557
-48938.938988168156
-48939.0707945052
-48939.42355598866
-48940.613487815564
-48941.96501705425
-48943.938727185385
-48945.85938189966
-48948.08090215735
-48950.02066953854
-48952.26753932659
-48953.94457299196
-48955.27191217717
-48956.46476139746
-48957.155211165235
-48957.48957062889
-48957.45817124752
-48957.05601043952
-48956.35093630234
-48955.32975511141
-48954.10342132153
-48952.63084830922
-48951.01399523302
-48949.5153807445
-48947.84991379585
-48946.41976454569
-48945.07391113322
-48944.16183297439
-48943.19396901767
-48942.58270029857
-48942.62661080926
-48942.65877694145
-48943.095591146506
-48944.02346250224
-48945.15475659222
-48946.53885403976
-48948.067119343745
-48949.76779137603
-48951.575153980506
-48953.287196366495
-48954.9426394507
-48956.38293412339
-48957.469410692545
-48958.31070465933
-48958.737354740646
-48958.814656314724
-48958.47999763123
-48957.80691196447
-48956.76775888222
-48955.594340249925
-48953.90797466598
-48952.2816026588
-48950.55597382221
-48948.59305430634
-48946.623112475
-48945.11439931706
-48943.7367537972
-48942.49675875176
-48941.7203300347
-48941.13035267694
-48941.33087671905
-48941.59851951026
-48942.19991397484
-48943.34796437555
-48944.49719295435
-48945.89743892233
-48947.37950281376
-48949.091685459054
-48950.42498098909
-48951.83762587896
-48952.91005781715
-48953.82780245161
-48954.378376297434
-48954.643522473154
-48954.59819066825
-48954.25911849221
-48953.57236221926
-48952.71603245581
-48951.682330784926
-48950.45904529711
-48949.008362085806
-48947.64413470539
-48946.24657236531
-48945.01472170975
-48943.84784851133
-48942.725979846124
-48941.71408382067
-48940.98554897834
-48940.77285042922
-48940.485113156
-48940.35609330368
-48940.515166048106
-48941.0416620479
-48941.48303000483
-48942.070716460745
-48942.713487418034
-48943.515031899944
-48944.33728800476
-48945.23637815266
-48946.14461320675
-48946.88547216601
-48947.73420922616
-48948.85616204693
-48949.928294765305
-48950.81826805887
-48951.736190355114
-48952.543728584315
-48953.36073899141
-48953.86450363441
-48954.21801316747
-48954.13483005352
