-48976.08878223344
-48976.08878223344
-48976.08878223344
-48976.08878223344
-48976.08878223344
-48976.09593779526
-48976.09593779526
-48976.12283017787
-48976.12283017787
-48976.12283017787
-48976.1273699038
-48976.12985483101
-48976.12985483101
-48976.15303034225
-48976.15669110991
-48976.15669110991
-48976.15669110991
-48976.17820922378
-48976.17820922378
-48976.178277015766
-48976.17866272883
-48976.194556444876
-48976.194556444876
-48976.19212995903
-48976.20498238599
-48976.20498238599
-48976.19783149948
-48976.206576666664
-48976.206576666664
-48976.20526524223
-48976.20526524223
-48976.20526524223
-48976.20835562209
-48976.20835562209
-48976.20835562209
-48976.20906393154
-48976.20906393154
-48976.20754445582
-48976.20754445582
-48976.20754445582
-48976.209891461396
-48976.222622330286
-48976.218108318564
-48976.218108318564
-48976.23018931938
-48976.231346458575
-48976.24331057665
-48976.24331057665
-48976.25457106057
-48976.25457106057
-48976.264625314536
-48976.27387307753
-48976.27387307753
-48976.2819496754
-48976.28927354839
-48976.29532807472
-48976.3041831117
-48976.30077013545
-48976.30890751236
-48976.31265009795
-48976.31586904881
-48976.31807111979
-48976.321294745976
-48976.32110072061
-48976.32062150134
-48976.31834696307
-48976.31506957083
-48976.3140643792
-48976.31058828627
-48976.30415038452
-48976.29866858366
-48976.2887171865
-48976.28036708301
-48976.27716449572
-48976.26840530259
-48976.25065081321
-48976.24123473905
-48976.24123473905
-48976.219693248626
-48976.22119869841
-48976.20730835266
-48976.1967351393
-48976.19752059136
-48976.18286817011
-48976.18286817011
-48976.18141414871
-48976.18141414871
-48976.18141414871
-48976.177631823
-48976.177631823
-48976.177631823
-48976.17119392125
-48976.17119392125
-48976.190696976555
-48976.17985493286
-48976.17985493286
-48976.19128372794
-48976.193394630376
-48976.18788477764
-48976.18788477764
-48976.19559436368
-48976.19453774365
-48976.179983503884
-48976.18374479071
-48976.18374479071
-48976.18213414645
-48976.18236089897
-48976.18236089897
-48976.152546447665
-48976.14764438522
-48976.14764438522
-48976.135871954866
-48976.135871954866
-48976.12726237167
-48976.116137471734
-48976.116137471734
-48976.116137471734
-48976.10262582608
-48976.10262582608
-48976.10262582608
-48976.08715055027
-48976.120803431026
-48976.120803431026
-48976.120803431026
-48976.120803431026
-48976.120803431026
-48976.15131917881
-48976.16509030416
-48976.16509030416
-48976.16509030416
-48976.20264005572
-48976.20216551176
-48976.20216551176
-48976.23257606508
-48976.23257606508
-48976.256127938774
-48976.256127938774
-48976.25984013484
-48976.273912817676
-48976.273912817676
-48976.28226525882
-48976.28226525882
-48976.27807384349
-48976.28447668041
-48976.27785410393
-48976.281285781406
-48976.27204503136
-48976.27229282279
-48976.27229282279
-48976.257941959004
-48976.257941959004
-48976.25277106625
-48976.25277106625
-48976.25277106625
-48976.22987607361
-48976.24506615552
-48976.23489969411
-48976.23804150237
-48976.22641868194
-48976.22641868194
-48976.241606426185
-48976.22839633802
-48976.22839633802
-48976.242693435735
-48976.22783530084
-48976.2409051297
-48976.24392070459
-48976.24392070459
-48976.254991838454
-48976.2642583027
-48976.2640712903
-48976.2640712903
-48976.27110996938
-48976.26812945931
-48976.27313204092
-48976.28252707619
-48976.28520135345
-48976.27352009164
-48976.28046760217
-48976.280149681086
-48976.283737981445
-48976.28109643135
-48976.27288424948
-48976.27260840621
-48976.26798218704
-48976.269800882605
-48976.264555184884
-48976.25254197606
-48976.24552199823
-48976.23652670196
-48976.22434518199
-48976.22434518199
-48976.20906393154
-48976.19769124017
-48976.191942946636
-48976.18041597005
-48976.172519371605
-48976.160188241716
-48976.150288272984
-48976.140269083844
-48976.140269083844
-48976.140269083844
-48976.12921665121
-48976.11594110871
-48976.11594110871
-48976.11903382622
-48976.11903382622
-48976.11903382622
-48976.11903382622
-48976.11903382622
-48976.13124339805
-48976.13098859367
-48976.13098859367
-48976.14043739499
-48976.150716063836
-48976.150716063836
-48976.16145525071
-48976.16145525071
-48976.16145525071
-48976.17333755084
-48976.17333755084
-48976.18223232795
-48976.174181444294
-48976.174181444294
-48976.17743779763
-48976.17743779763
-48976.17760143348
-48976.17820922378
-48976.174962221034
-48976.174985597594
-48976.16989418509
-48976.16936821273
-48976.16722224548
-48976.16140382229
-48976.158846427774
-48976.158846427774
-48976.14803477361
-48976.14803477361
-48976.143546476094
-48976.143546476094
-48976.137260521915
-48976.137260521915
-48976.1292073006
-48976.122320569084
-48976.11368994699
-48976.142520245565
-48976.142520245565
-48976.142520245565
-48976.13308547016
-48976.16338381604
-48976.16338381604
-48976.16338381604
-48976.16338381604
-48976.18739153244
-48976.18739153244
-48976.18739153244
-48976.20922522972
-48976.20922522972
-48976.228714259094
-48976.228714259094
-48976.23444618905
-48976.25051522922
-48976.25051522922
-48976.264403237314
-48976.26977750605
-48976.28071539359
-48976.28071539359
-48976.292015617655
-48976.292015617655
-48976.29800235199
-48976.29786443035
-48976.300826239174
-48976.300101566136
-48976.30069766815
-48976.30069766815
-48976.29879715467
-48976.291751462646
-48976.286613297045
-48976.286613297045
-48976.27894812644
-48976.26807101794
-48976.26807101794
-48976.25783676454
-48976.25783676454
-48976.2451082333
-48976.2451082333
-48976.24439992385
-48976.24439992385
-48976.227124653735
-48976.22890828446
-48976.24386226322
-48976.225916086114
-48976.2397994189
-48976.2397994189
-48976.23644955934
-48976.23644955934
-48976.24823601563
-48976.238983577314
-48976.25284820887
-48976.25284820887
-48976.24174902313
-48976.24853757312
-48976.25954325266
-48976.26354298029
-48976.248006925445
-48976.255945601675
-48976.255578589844
-48976.258661956745
-48976.258661956745
-48976.243142265484
-48976.23878253899
-48976.23419839762
-48976.22642569489
-48976.21649767429
-48976.205922123285
-48976.20260265323
-48976.190696976555
-48976.16210044348
-48976.16210044348
-48976.14756490495
-48976.13995583807
-48976.124326277044
-48976.124326277044
-48976.113091507315
-48976.113091507315
-48976.09648480652
-48976.09648480652
-48976.09648480652
-48976.09648480652
-48976.09648480652
-48976.113091507315
-48976.113091507315
-48976.10464088465
-48976.10464088465
-48976.12962807847
-48976.12962807847
-48976.142863880836
-48976.150042819216
-48976.162175248435
-48976.162175248435
-48976.19128372794
-48976.20067642555
-48976.21185976686
-48976.21185976686
-48976.21900130275
-48976.22405531276
-48976.22575946324
-48976.227391146385
-48976.223865962726
-48976.223865962726
-48976.21606053282
-48976.23503527809
-48976.23036230585
-48976.21856883659
-48976.21079613386
-48976.21079613386
-48976.21973766407
-48976.21009483737
-48976.21009483737
-48976.198486042864
-48976.21723403561
-48976.20566030592
-48976.20566030592
-48976.215758975326
-48976.215758975326
-48976.208320557256
-48976.22264103152
-48976.22013272776
-48976.22013272776
-48976.2397994189
-48976.2397994189
-48976.25679884573
-48976.25679884573
-48976.27105620332
-48976.27105620332
-48976.28268369907
-48976.29198522813
-48976.30021611123
-48976.30021611123
-48976.30604388504
-48976.31164958162
-48976.314300482336
-48976.3175357968
-48976.31692800652
-48976.31692800652
-48976.31387970446
-48976.31387970446
-48976.30548752316
-48976.30548752316
-48976.29623508485
-48976.29150834652
-48976.27946708584
-48976.27946708584
-48976.25747676568
-48976.25747676568
-48976.25747676568
-48976.2403651314
-48976.2403651314
-48976.21544572957
-48976.21005743489
-48976.187842699845
-48976.187842699845
-48976.187842699845
-48976.169515484995
-48976.17596975033
-48976.17596975033
-48976.17596975033
-48976.14986281978
-48976.161637587786
-48976.161637587786
-48976.16644614403
-48976.14476673198
-48976.152981251485
-48976.16032850102
-48976.168779123676
-48976.168779123676
-48976.17569390704
-48976.159561750195
-48976.16317810241
-48976.16858042301
-48976.17385651024
-48976.17844065161
-48976.18166895311
-48976.188616463645
-48976.18919152676
-48976.191830739204
-48976.19404449844
-48976.19400709597
-48976.19423151084
-48976.19253203568
-48976.19212995903
-48976.18824711415
-48976.184595697116
-48976.19214866028
-48976.183160376975
-48976.17704974691
-48976.17024950866
-48976.157958118885
-48976.157958118885
-48976.143672709455
-48976.14043739499
-48976.13417014205
-48976.12373952564
-48976.11903382622
-48976.11177306993
-48976.10459413156
-48976.10459413156
-48976.09933207025
-48976.09933207025
-48976.09933207025
-48976.09933207025
-48976.10681957908
-48976.108107626955
-48976.11594110871
-48976.12103485886
-48976.1285060041
-48976.1349462435
-48976.14648724602
-48976.157439159484
-48976.1634329068
-48976.17686039687
-48976.18238193787
-48976.19836448481
-48976.20971847493
-48976.21956935291
-48976.22374206701
-48976.23456540945
-48976.240140716516
-48976.247139655454
-48976.25097107193
-48976.252034704936
-48976.25188977033
-48976.25347470039
-48976.26458089908
-48976.263468175326
-48976.26121233829
-48976.25518352616
-48976.25274535204
-48976.24344148531
-48976.2567123525
-48976.25157418691
-48976.24572537421
-48976.23591423636
-48976.22473323271
-48976.24025058631
-48976.22852490904
-48976.2193309121
-48976.23391554137
-48976.2195646776
-48976.21347742409
-48976.207284976124
-48976.219990130805
-48976.213138464125
-48976.23165269138
-48976.22110519221
-48976.214573784266
-48976.23117347211
-48976.23117347211
-48976.24553602416
-48976.24553602416
