-48781.88407276037
-48781.9284321008
-48781.9284321008
-48781.98032102786
-48782.01131365726
-48782.04682964902
-48782.08775497432
-48782.15088334642
-48782.234601783355
-48782.27019959301
-48782.36031151626
-48782.38850831033
-48782.460042889645
-48782.517579591076
-48782.570424619
-48782.632066242535
-48782.70239926719
-48782.72939450663
-48782.80195765411
-48782.88648491967
-48782.94015981511
-48783.02136059766
-48783.14923733671
-48783.24876299645
-48783.36963845892
-48783.48221758394
-48783.572313143595
-48783.72400357368
-48783.85035616171
-48783.99010585028
-48784.121879460145
-48784.25267359259
-48784.37249944797
-48784.49182270755
-48784.61107116216
-48784.73133649667
-48784.7973588856
-48784.855861038515
-48784.936393251744
-48785.03854409801
-48785.079668124
-48785.12235837881
-48785.226486881154
-48785.2659628604
-48785.32945590666
-48785.39216116319
-48785.47351623097
-48785.50616392008
-48785.59089689927
-48785.59443143356
-48785.62544510187
-48785.65500708644
-48785.62378536685
-48785.62034901406
-48785.58010394634
-48785.52167192306
-48785.43844205601
-48785.37841107674
-48785.24897044652
-48785.14362636359
-48785.09833196116
-48784.96776925657
-48784.95131684099
-48784.872456051045
-48784.8634233523
-48784.78513762548
-48784.783872954155
-48784.75051695559
-48784.725606904365
-48784.71778277323
-48784.694324405755
-48784.676960304736
-48784.6962366075
-48784.65369362497
-48784.57370842299
-48784.53722931741
-48784.485391818765
-48784.43023017476
-48784.350675101305
-48784.30584589222
-48784.258585521966
-48784.216143058584
-48784.168786844486
-48784.15778350261
-48784.14522328253
-48784.09478136391
-48784.106205483666
-48784.129282813396
-48784.14415964953
-48784.18650860671
-48784.221204081565
-48784.25889876773
-48784.28910126977
-48784.3973674214
-48784.48828817324
-48784.58196735795
-48784.66209281921
-48784.79804148084
-48784.8999538863
-48785.01465793967
-48785.098140273454
-48785.220376251105
-48785.309373112934
-48785.40437073502
-48785.48913176607
-48785.559268427714
-48785.60894593318
-48785.620229793654
-48785.63609545785
-48785.63708194823
-48785.569727095986
-48785.54577314566
-48785.521945428685
-48785.457084854286
-48785.35916750114
-48785.312136221095
-48785.2654649399
-48785.26578052331
-48785.24253722008
-48785.23571126761
-48785.1919363409
-48785.304213908435
-48785.361126455995
-48785.36145139004
-48785.49458785274
-48785.59088521099
-48785.72217258863
-48785.78339109661
-48785.96379728018
-48786.12005548805
-48786.21268974099
-48786.32144680017
-48786.41101171214
-48786.50270155248
-48786.54575414381
-48786.5764826182
-48786.624806621454
-48786.66349714862
-48786.6599743026
-48786.7326566705
-48786.78126353
-48786.86087470717
-48786.996470382895
-48787.1388335697
-48787.2726035369
-48787.46353150542
-48787.71084371148
-48787.92793237663
-48788.19169699826
-48788.490662028235
-48788.74063682329
-48789.00388014788
-48789.23532902741
-48789.42707985048
-48789.598093336426
-48789.70080054457
-48789.70832779352
-48789.69427848725
-48789.630729337274
-48789.45717482038
-48789.33747286071
-48789.28760366753
-48789.0999297147
-48789.003260669306
-48789.06079737074
-48789.017761143004
-48789.204572501156
-48789.36936314961
-48789.477341769685
-48789.6087133029
-48789.77554939945
-48789.84941929604
-48789.901207703944
-48789.927391777106
-48789.85284863586
-48789.77717640729
-48789.62974752218
-48789.479903839514
-48789.27662370219
-48789.08276665201
-48788.81188387103
-48788.57921707327
-48788.30407508496
-48788.11795099737
-48787.895827023465
-48787.63119045652
-48787.44246689662
-48787.27799884453
-48787.09506799362
-48786.88858760667
-48786.79411361928
-48786.631326341114
-48786.47412138299
-48786.33541428853
-48786.19198980636
-48786.07405277617
-48785.969374924905
-48785.812452823026
-48785.713719628315
-48785.640885312845
-48785.55652869611
-48785.48584268555
-48785.42744105178
-48785.35696075486
-48785.29823418706
-48785.291272650604
-48785.26080833122
-48785.210424853954
-48785.20286721548
-48785.19445399529
-48785.17450211025
-48785.16569850169
-48785.10479791477
-48785.070097764605
-48785.01135015791
-48784.970611845
-48784.83551876509
-48784.71273577619
-48784.68376755598
-48784.613469596145
-48784.46699213659
-48784.32005182138
-48784.18450991172
-48784.141581216114
-48783.98260665318
-48783.959361012305
-48783.954430898004
-48783.94284314238
-48783.915904006666
-48783.862703655184
-48783.875724393285
-48783.87448777382
-48784.04029530219
-48784.054374997984
-48784.178969669476
-48784.34869744521
-48784.486006622006
-48784.64989026035
-48784.69657790513
-48784.74983436033
-48784.855494026684
-48784.87244670042
-48784.941433235836
-48785.01944779468
-48785.00710731416
-48785.07998136976
-48785.14297415786
-48785.233696209034
-48785.37339213155
-48785.470182735
-48785.57709304675
-48785.771471394
-48785.98743798475
-48786.27793602848
-48786.547855695615
-48786.816564457484
-48787.1068076968
-48787.40144105214
-48787.66064490896
-48788.00327733351
-48788.302466778354
-48788.5372047384
-48788.71164055121
-48788.90073813591
-48789.013258819556
-48789.097449462795
-48789.11833640982
-48789.05318129089
-48788.94599046054
-48788.78712810505
-48788.572807223376
-48788.3675844948
-48788.144511432976
-48787.88404290483
-48787.64614677293
-48787.46931252614
-48787.284965056315
-48787.31183873769
-48787.30841874848
-48787.388109405925
-48787.525657023536
-48787.768032102336
-48787.91000256312
-48788.09711314109
-48788.25540978409
-48788.360314387886
-48788.4786184299
-48788.41204201675
-48788.36705618479
-48788.15042336237
-48787.92544043643
-48787.6692474792
-48787.28022195441
-48786.84830513647
-48786.46557491647
-48785.99268602013
-48785.536413175214
-48785.18166234738
-48784.77587116123
-48784.52456390285
-48784.374923596166
-48784.144671595976
-48784.17893226701
-48784.2367144222
-48784.429026282465
-48784.69109610427
-48785.01935662613
-48785.45830043487
-48785.88532921628
-48786.41201456612
-48786.83056934832
-48787.38934135009
-48787.869388145904
-48788.21627042717
-48788.563285954755
-48788.839070798174
-48789.02700189304
-48789.116129663555
-48789.11610862466
-48789.01251544528
-48788.84013443117
-48788.72344570875
-48788.414968760764
-48788.21260264654
-48788.01241990204
-48787.92054071166
-48787.84682510028
-48787.695747135775
-48787.66289373304
-48787.56634858336
-48787.48488832111
-48787.338338394264
-48787.16997113371
-48786.927406704875
-48786.59856644457
-48786.263823605506
-48785.818282934495
-48785.44049919237
-48785.00893302269
-48784.6130254417
-48784.24985204306
-48783.99770790419
-48783.65953105
-48783.48659367402
-48783.405643020546
-48783.366185742554
-48783.2478887135
-48783.28576573676
-48783.337418560666
-48783.46248543846
-48783.67273880051
-48783.81786509547
-48784.00413645533
-48784.217017341536
-48784.491271020976
-48784.7246508035
-48785.035748262686
-48785.282279691986
-48785.634767669835
-48785.95610873304
-48786.253881558965
-48786.54261467319
-48786.85776796373
-48787.104935235184
-48787.40531220876
-48787.6840121079
-48788.00950250865
-48788.17331601734
-48788.34386197231
-48788.47709895417
-48788.56977762256
-48788.488188789284
-48788.343833920444
-48788.01910559521
-48787.63778731881
-48787.16403816544
-48786.60539473469
-48785.95119498231
-48785.41770004358
-48785.080930457676
-48784.67574004885
-48784.49192088904
-48784.39828378214
-48784.39346587527
-48784.72511365917
-48785.05425781463
-48785.353292974236
-48785.69538306284
-48786.24017822562
-48786.69909729594
-48787.02237861276
-48787.43976456749
-48787.76096303374
-48788.00585342928
-48788.18067027984
-48788.3604639978
-48788.44062686156
-48788.50653003007
-48788.50083316495
-48788.51754272258
-48788.488576840005
-48788.47494831161
-48788.43278636683
-48788.400652961805
-48788.399014265684
-48788.432393640804
-48788.40008724931
-48788.401884905965
-48788.38205457898
-48788.35039805557
-48788.286343972126
-48788.25618121022
-48788.08179682582
-48787.8997636344
-48787.704396459114
-48787.39951949977
-48787.11799805108
-48786.83214726542
-48786.484921348885
-48786.13649387771
-48785.85475970242
-48785.56383386784
-48785.33539355024
-48785.2432011141
-48785.21717833912
-48785.267519738605
-48785.41564056957
-48785.613878385135
-48785.925165194385
-48786.27051163632
-48786.60743316981
-48787.00862618865
-48787.36556506153
-48787.71490188049
-48788.075050353626
-48788.38499768657
-48788.63265820321
-48788.8796992413
-48789.026461894755
-48789.14626203593
-48789.210063652645
-48789.29381949206
-48789.19366032781
-48789.10220191532
-48788.862582931724
-48788.67499313447
-48788.38991377494
-48788.06941894283
-48787.6748578511
-48787.243429603055
-48786.80543254458
-48786.371746121855
-48785.89677437494
-48785.48118373922
-48785.08034136863
-48784.842999260945
-48784.534840234046
-48784.427593299966
-48784.32751361601
-48784.31199158709
-48784.27266288012
-48784.31779130903
-48784.40863491828
-48784.50165488428
-48784.69531557146
-48784.80477158945
-48784.93656623821
-48784.99114346847
-48785.070368932575
-48785.17813950135
-48785.23784320893
-48785.22982972775
-48785.39518608871
-48785.41659433279
-48785.48194581473
-48785.595312729485
-48785.6907708696
-48785.77656514414
-48785.92270130605
-48785.98774421755
-48786.090222335515
-48786.175838948264
-48786.16589690174
-48786.27366980817
-48786.27162436008
-48786.28395315232
-48786.300111023374
-48786.243848343904
-48786.18748280761
-48786.12187652126
-48786.044266376724
-48785.99929223303
-48785.89780060546
-48785.87591781742
-48785.755631444015
-48785.72509465732
-48785.69538306284
-48785.572990462315
-48785.591738455056
-48785.6132939714
