-48781.8507950885
-48781.89741494129
-48781.89741494129
-48781.95116522609
-48781.973054442686
-48782.02119084913
-48782.055290806384
-48782.15183770931
-48782.20023125778
-48782.24435332625
-48782.34483684012
-48782.38416730033
-48782.491192157184
-48782.527221264194
-48782.63875311979
-48782.74447239635
-48782.78705745668
-48782.90795512687
-48783.023243593976
-48783.14469295074
-48783.26864126064
-48783.35042996341
-48783.48911017483
-48783.62364572404
-48783.77427135228
-48783.92528503126
-48784.055557866646
-48784.18764238462
-48784.33014583073
-48784.451900251464
-48784.62703385428
-48784.741757777716
-48784.867551666204
-48785.02490740308
-48785.1394980802
-48785.283312950734
-48785.39955050577
-48785.53257592986
-48785.633189767985
-48785.77780996067
-48785.903869172995
-48786.0141971363
-48786.16367030065
-48786.30062999804
-48786.42525505905
-48786.57134563669
-48786.706325340325
-48786.855439674655
-48786.997358707034
-48787.12826972222
-48787.28712740239
-48787.42393398338
-48787.589933199466
-48787.74302856017
-48787.89646288086
-48788.07618646919
-48788.22889728567
-48788.383567057
-48788.56774621566
-48788.76788220706
-48788.99892900994
-48789.19909305318
-48789.4705473908
-48789.77180566028
-48790.05105607718
-48790.38967474816
-48790.72634615257
-48791.10097172284
-48791.49372230081
-48791.950505923334
-48792.40588812172
-48792.89889955192
-48793.471447354335
-48794.01015292596
-48794.52755077267
-48795.08567524402
-48795.70004603126
-48796.217088554404
-48796.81370017695
-48797.27352625739
-48797.792728773726
-48798.2459416283
-48798.58811119717
-48798.903605785315
-48799.176770117534
-48799.389629964855
-48799.50100052228
-48799.53945027099
-48799.5380687169
-48799.48875588561
-48799.41770052557
-48799.294653381665
-48799.024270858834
-48798.70606459092
-48798.315227383544
-48797.89378559746
-48797.511127844766
-48796.99044559285
-48796.503053885164
-48796.045960523355
-48795.60884242316
-48795.09874741053
-48794.622581121934
-48794.27359495122
-48793.90247352574
-48793.522260960126
-48793.2708204554
-48793.07497406085
-48792.944582005075
-48792.793499365274
-48792.79397858453
-48792.82105096657
-48792.97466294905
-48793.03595158668
-48793.286421964585
-48793.501942063245
-48793.88139255335
-48794.127269439254
-48794.53135179963
-48794.94029180699
-48795.362411513
-48795.753985081705
-48796.20348574021
-48796.667638819985
-48797.07416636745
-48797.41138244545
-48797.66571462935
-48797.99197645623
-48798.13033757776
-48798.31397907579
-48798.27465036881
-48798.27778750176
-48798.18560675389
-48798.010158736484
-48797.7851734729
-48797.485140134624
-48797.03783453412
-48796.52188135818
-48795.898260470276
-48795.2372885315
-48794.603741960644
-48793.772873934984
-48793.126778832324
-48792.22960088619
-48791.486467388655
-48790.85489146095
-48790.11053069457
-48789.394681136866
-48788.90161009646
-48788.3584536298
-48787.99796385905
-48787.77996117083
-48787.573725068825
-48787.40706780287
-48787.44318807843
-48787.52478976881
-48787.757816565434
-48787.97738080716
-48788.35713636124
-48788.643561041186
-48789.10668321513
-48789.60447982503
-48790.01469151669
-48790.431744355585
-48790.84699252484
-48791.220477319504
-48791.46715134576
-48791.72531728379
-48791.96936612352
-48792.120913956656
-48792.26853219182
-48792.34044780888
-48792.42579559132
-48792.40834265942
-48792.45834509892
-48792.48164450587
-48792.4645585858
-48792.47541465541
-48792.446479162376
-48792.42793922092
-48792.39711957798
-48792.31188634063
-48792.27600333706
-48792.184068042945
-48792.07307384798
-48792.087560295746
-48791.894614931
-48791.878412644495
-48791.82996942084
-48791.815800894154
-48791.851547144914
-48791.97122222156
-48792.09144080298
-48792.30760843206
-48792.477689193685
-48792.67292078498
-48792.87930065277
-48793.07330965053
-48793.17438751316
-48793.29069519784
-48793.37958218988
-48793.386160350936
-48793.336048041645
-48793.229983960984
-48793.113000694015
-48792.94781498187
-48792.718603238136
-48792.46717909701
-48792.35395244157
-48792.0781021438
-48792.002133033035
-48791.800038086796
-48791.782292948024
-48791.68434286772
-48791.76396105786
-48791.8092601356
-48791.91235890095
-48792.15375800879
-48792.379372101546
-48792.60161529587
-48792.98077825441
-48793.32306704367
-48793.60338927537
-48793.93685107951
-48794.30562783708
-48794.754946158515
-48795.06140804792
-48795.39227739272
-48795.68537257109
-48796.021363717904
-48796.26379957573
-48796.51951565136
-48796.71248205501
-48796.960476856315
-48797.15658506822
-48797.3112910732
-48797.4526794579
-48797.56029574145
-48797.64456820262
-48797.701817372494
-48797.74731748855
-48797.78215556036
-48797.784350618356
-48797.722776786824
-48797.58194242634
-48797.39978767687
-48797.17259566701
-48796.848821105006
-48796.50496608691
-48796.057253734456
-48795.607582427125
-48795.08410667754
-48794.55062108944
-48793.98992052232
-48793.3611006898
-48792.821284732076
-48792.209062249734
-48791.64138612024
-48791.06674611664
-48790.517109670436
-48789.99315703923
-48789.48130878539
-48789.01384091089
-48788.67548055078
-48788.31137092133
-48787.978647816155
-48787.74918828099
-48787.53146728018
-48787.395624981866
-48787.265310068695
-48787.26233890924
-48787.21509840908
-48787.2069364868
-48787.2821715739
-48787.39756874196
-48787.49827959277
-48787.58976839479
-48787.67166462969
-48787.80365096615
-48787.94493766286
-48788.0494565536
-48788.09708042919
-48788.13480784251
-48788.35084690057
-48788.37178060071
-48788.52510505161
-48788.62983316246
-48788.70453993955
-48788.87147304877
-48789.069148658324
-48789.2757319021
-48789.55204154905
-48789.814972796696
-48790.01465177655
-48790.44745456571
-48790.655120143725
-48791.0909478584
-48791.471079774914
-48791.73651465102
-48792.0925862539
-48792.383032869206
-48792.717899603995
-48793.002410913374
-48793.30052269927
-48793.55231618988
-48793.713712563345
-48793.8986818494
-48794.191183263414
-48794.27950921826
-48794.47634444086
-48794.608987658365
-48794.74878176239
-48794.938042982925
-48795.036502672025
-48795.14489038171
-48795.301340277285
-48795.338076524924
-48795.44234762422
-48795.609015409624
-48795.71302001626
-48795.84813881036
-48795.960287806876
-48796.08952739876
-48796.21886517217
-48796.38071972601
-48796.52284447201
-48796.74174715739
-48796.886733193074
-48797.11504961497
-48797.29937604589
-48797.51085433913
-48797.75735771659
-48798.10375844091
-48798.33263122468
-48798.62414381066
-48798.998014318364
-48799.224939835556
-48799.58149767068
-48799.82189509339
-48800.13157827133
-48800.31246834947
-48800.579910102344
-48800.79225800323
-48800.92521446651
-48801.003378635265
-48800.971308346925
-48800.90904958249
-48800.825995039566
-48800.62046607819
-48800.33035608519
-48799.980504982144
-48799.5409907856
-48799.11215265925
-48798.55319130742
-48797.97805338332
-48797.364825709345
-48796.702105204655
-48796.006213376146
-48795.33799003169
-48794.667270071724
-48794.021630811796
-48793.41056079335
-48792.80798113772
-48792.24285538978
-48791.69076206822
-48791.21658863048
-48790.75565800806
-48790.309992272516
-48789.90807107415
-48789.48710149437
-48789.15796435189
-48788.78199463003
-48788.511654184986
-48788.21497538157
-48787.88453265879
-48787.65431806108
-48787.29351621339
-48787.00653517155
-48786.7698744903
-48786.52648954457
-48786.18351231592
-48785.92417521277
-48785.63510313858
-48785.39508792245
-48785.18472585946
-48784.99019205817
-48784.78828763079
-48784.630782284
-48784.491303763396
-48784.37677620297
-48784.35652626692
-48784.29252244306
-48784.24651739351
-48784.31207108261
-48784.27872910999
-48784.4284769488
-48784.404399102765
-48784.50321060891
-48784.63046436293
-48784.71713058276
-48784.78181115774
-48784.811492362714
-48784.86370739264
-48784.93798287238
-48785.08271877898
-48785.16368813368
-48785.22289742724
-48785.28727060058
-48785.37444642919
-48785.548826138285
-48785.67282938308
-48785.898085814624
-48786.04857235241
-48786.31293307608
-48786.630450904595
-48786.89503019898
-48787.29733243512
-48787.68477419867
-48788.11050324394
-48788.523421940044
-48788.98856618551
-48789.47918736353
-48789.993914439445
-48790.55502175851
-48791.104228076205
-48791.65552893272
-48792.15526228976
-48792.666129897334
-48793.25948984184
-48793.78815518543
-48794.32800387033
-48794.88314315629
-48795.475661545
-48795.96192884066
-48796.56425836722
-48797.09448526432
-48797.603009372804
-48798.03069737292
-48798.54229783534
-48798.948867460575
-48799.35448566026
-48799.69045576817
-48799.999068300145
-48800.20932399984
-48800.39410393583
-48800.455948935356
-48800.511206423194
-48800.422492417616
-48800.320442090524
-48800.15777169511
-48799.94547522262
-48799.5917927031
-48799.28157653983
-48798.92870051127
-48798.58389172997
-48798.197577884916
-48797.794435261836
-48797.48072664207
-48797.18025849997
-48796.834388423296
-48796.577508195514
-48796.4048677017
-48796.220365946654
-48796.22568878698
-48796.150900191984
-48796.17221960518
-48796.25046792952
-48796.359554598035
-48796.448097954795
-48796.68475512958
-48796.86722078716
-48797.01214838146
-48797.18006681225
-48797.263175121254
-48797.374664899064
-48797.36452415185
-48797.23123574158
-48797.04191374201
-48796.81274173841
-48796.41199988698
-48795.957440543134
-48795.40982616847
-48794.830845139615
-48794.221180051805
-48793.61869156471
-48793.00099429446
-48792.49160057832
-48792.03139112247
-48791.71063564182
-48791.43833039781
-48791.355369361074
-48791.248428659805
-48791.23484454687
-48791.236814021155
-48791.2417160836
-48791.19089429603
-48791.12757540507
-48790.979100419376
-48790.7498956886
-48790.45030650476
