-48975.98612320277
-48975.98612320277
-48975.98612320277
-48975.98612320277
-48975.98612320277
-48975.98612320277
-48975.991283576084
-48975.991283576084
-48976.00903222134
-48976.00903222134
-48976.00903222134
-48976.00903222134
-48976.01635375666
-48976.01635375666
-48976.01635375666
-48976.01635375666
-48976.03039721882
-48976.03039721882
-48976.03039721882
-48976.035984214155
-48976.035984214155
-48976.035984214155
-48976.039330567226
-48976.039330567226
-48976.041109522645
-48976.04305328274
-48976.04534184695
-48976.036032136086
-48976.036032136086
-48976.03801680514
-48976.03801680514
-48976.03900095788
-48976.03900095788
-48976.03773745537
-48976.02143348089
-48976.020615301655
-48976.020615301655
-48976.020615301655
-48976.021342312335
-48976.021342312335
-48976.01901751448
-48976.021642701
-48976.0199923166
-48976.0199923166
-48976.02177244085
-48976.02077192454
-48976.02077192454
-48976.02142413027
-48976.045437690795
-48976.045437690795
-48976.04675846585
-48976.04675846585
-48976.04708924402
-48976.04780690409
-48976.04780690409
-48976.06758930916
-48976.06855709831
-48976.06841683902
-48976.069942743285
-48976.084291269406
-48976.084291269406
-48976.08621457502
-48976.08543788916
-48976.09763694156
-48976.09763694156
-48976.09704025513
-48976.104071921225
-48976.10371542886
-48976.10672808167
-48976.10672808167
-48976.10915106104
-48976.10915106104
-48976.112094753036
-48976.10716113226
-48976.108760672665
-48976.11089495164
-48976.112884295995
-48976.10546224151
-48976.10773561097
-48976.10936787853
-48976.11174936453
-48976.09858602946
-48976.102688029496
-48976.102510367724
-48976.10501808707
-48976.08925995502
-48976.091696960306
-48976.09108157264
-48976.090633911714
-48976.09005943301
-48976.088150737734
-48976.07251825463
-48976.07073170183
-48976.06870904588
-48976.06613002805
-48976.06274977898
-48976.05927427048
-48976.054406688454
-48976.04993300128
-48976.04993300128
-48976.02806833006
-48976.02806833006
-48976.021635688034
-48976.0152281758
-48976.0152281758
-48976.00715040911
-48975.99893998048
-48975.99893998048
-48975.99893998048
-48975.99893998048
-48975.989118323196
-48975.989118323196
-48975.989118323196
-48975.989118323196
-48975.989118323196
-48975.989118323196
-48975.989118323196
-48975.99893998048
-48975.99893998048
-48975.99893998048
-48976.00715040911
-48976.0152281758
-48976.0152281758
-48976.021635688034
-48976.02806833006
-48976.02806833006
-48976.03264662729
-48976.03752881967
-48976.054406688454
-48976.05927427048
-48976.06274977898
-48976.06613002805
-48976.06870904588
-48976.07073170183
-48976.07251825463
-48976.07310559044
-48976.074308898336
-48976.090633911714
-48976.09189157008
-48976.09108157264
-48976.091696960306
-48976.08925995502
-48976.10501808707
-48976.102688029496
-48976.102688029496
-48976.0982470695
-48976.11174936453
-48976.10773561097
-48976.10773561097
-48976.10299718437
-48976.112884295995
-48976.11089495164
-48976.108760672665
-48976.112094753036
-48976.112094753036
-48976.10915106104
-48976.10915106104
-48976.10672808167
-48976.10672808167
-48976.10371542886
-48976.09973206481
-48976.09704025513
-48976.09704025513
-48976.08785093349
-48976.08543788916
-48976.08621457502
-48976.084291269406
-48976.068845214286
-48976.069942743285
-48976.06841683902
-48976.06855709831
-48976.0485175512
-48976.04732300952
-48976.04780690409
-48976.04780690409
-48976.04675846585
-48976.04675846585
-48976.04675846585
-48976.02142413027
-48976.02142413027
-48976.02142413027
-48976.02077192454
-48976.02077192454
-48976.0199923166
-48976.0199923166
-48976.0199923166
-48976.021642701
-48976.01901751448
-48976.021342312335
-48976.021342312335
-48976.020615301655
-48976.020615301655
-48976.04019316191
-48976.04101484762
-48976.04101484762
-48976.03900095788
-48976.03900095788
-48976.03801680514
-48976.03801680514
-48976.046053662874
-48976.04534184695
-48976.04534184695
-48976.04305328274
-48976.04305328274
-48976.04081380929
-48976.03941121633
-48976.03941121633
-48976.035984214155
-48976.035984214155
-48976.035984214155
-48976.02321477396
-48976.022332309214
-48976.021036079546
-48976.01635375666
-48976.01635375666
-48976.01635375666
-48975.9994384854
-48975.9994384854
-48975.993725256696
-48975.993725256696
-48975.993725256696
-48975.993725256696
-48975.993725256696
-48975.991283576084
-48975.991283576084
-48975.991283576084
-48975.991283576084
-48975.991283576084
-48975.993725256696
-48975.993725256696
-48975.993725256696
-48975.993725256696
-48975.9994384854
-48975.9994384854
-48975.9994384854
-48975.9994384854
-48976.01635375666
-48976.01635375666
-48976.021036079546
-48976.021036079546
-48976.02321477396
-48976.02824540743
-48976.035984214155
-48976.035984214155
-48976.03941121633
-48976.03941121633
-48976.04081380929
-48976.044676784106
-48976.04305328274
-48976.04534184695
-48976.04534184695
-48976.046053662874
-48976.048792225665
-48976.03801680514
-48976.03900095788
-48976.03937381384
-48976.04101484762
-48976.04101484762
-48976.04019316191
-48976.04019316191
-48976.04217549331
-48976.021342312335
-48976.01901751448
-48976.021642701
-48976.021642701
-48976.0199923166
-48976.0199923166
-48976.02077192454
-48976.02077192454
-48976.02077192454
-48976.02142413027
-48976.02142413027
-48976.02185659644
-48976.04675846585
-48976.04675846585
-48976.04780690409
-48976.04780690409
-48976.04732300952
-48976.0485175512
-48976.0485175512
-48976.069942743285
-48976.069942743285
-48976.068845214286
-48976.07084157162
-48976.08621457502
-48976.08543788916
-48976.08785093349
-48976.086233860675
-48976.09973206481
-48976.09973206481
-48976.0999658303
-48976.10672808167
-48976.10565860453
-48976.10894125651
-48976.10894125651
-48976.112094753036
-48976.112094753036
-48976.11441779766
-48976.11089495164
-48976.112884295995
-48976.1142027334
-48976.10773561097
-48976.10869989363
-48976.11174936453
-48976.11174936453
-48976.102688029496
-48976.102510367724
-48976.10501808707
-48976.10421802467
-48976.091696960306
-48976.09108157264
-48976.09189157008
-48976.090633911714
-48976.09005943301
-48976.07310559044
-48976.07251825463
-48976.07073170183
-48976.06870904588
-48976.06613002805
-48976.06274977898
-48976.05927427048
-48976.04294867268
-48976.03752881967
-48976.03752881967
-48976.03264662729
-48976.02806833006
-48976.02500308
-48976.021635688034
-48976.0152281758
-48976.01131026609
-48976.00715040911
-48976.00324068119
-48975.99893998048
-48975.99893998048
-48975.99420798245
-48975.989118323196
-48975.989118323196
-48975.989118323196
-48975.989118323196
-48975.989118323196
-48975.99420798245
-48975.99893998048
-48975.99893998048
-48975.99893998048
-48976.00715040911
-48976.01131026609
-48976.0152281758
-48976.0152281758
-48976.021635688034
-48976.02806833006
-48976.02806833006
-48976.03524317754
-48976.03752881967
-48976.054406688454
-48976.05927427048
-48976.06274977898
-48976.06613002805
-48976.06758521827
-48976.07073170183
-48976.071816958145
-48976.088150737734
-48976.09005943301
-48976.090633911714
-48976.09189157008
-48976.09108157264
-48976.10516535934
-48976.10421802467
-48976.10501808707
-48976.102510367724
-48976.102688029496
-48976.11174936453
-48976.11174936453
-48976.10773561097
-48976.11643986918
-48976.1142027334
-48976.112884295995
-48976.11089495164
-48976.113643449455
-48976.112094753036
-48976.112094753036
-48976.10894125651
-48976.10894125651
-48976.10672808167
-48976.10672808167
-48976.09835460163
-48976.09973206481
-48976.09704025513
-48976.08785093349
-48976.086768599256
-48976.08603632884
-48976.08621457502
-48976.068845214286
-48976.069942743285
-48976.06923501826
-48976.06855709831
-48976.06855709831
-48976.04732300952
-48976.04780690409
-48976.04780690409
-48976.04675846585
-48976.04675846585
-48976.04636807748
-48976.045437690795
-48976.02142413027
-48976.02077192454
-48976.02077192454
-48976.02141828613
-48976.0199923166
-48976.0199923166
-48976.021642701
-48976.01901751448
-48976.021342312335
-48976.021342312335
-48976.02135984476
-48976.04019316191
-48976.04068757592
-48976.04101484762
-48976.04021186314
-48976.03900095788
-48976.03859420592
-48976.03801680514
-48976.037350573475
-48976.04592509186
-48976.04418587658
-48976.04305328274
-48976.04236951868
-48976.04143562552
-48976.039620436444
-48976.03767200103
-48976.035984214155
-48976.034914737014
-48976.033418637846
-48976.03105293102
-48976.025090742056
-48976.01861426901
-48976.01700245592
-48976.0148448004
-48976.01261935288
-48976.01261935288
-48976.01261935288
-48976.0098387123
-48975.99870563057
-48975.98828319595
-48975.98828319595
-48975.98828319595
-48975.98828319595
-48975.98828319595
-48975.98828319595
-48975.98828319595
-48975.98828319595
-48975.98828319595
-48975.98828319595
-48975.98828319595
-48975.98828319595
-48975.98828319595
-48975.997812646376
-48975.997812646376
-48976.00603651652
-48976.00603651652
-48976.008194172035
-48976.01261935288
-48976.01261935288
-48976.01261935288
-48976.0148448004
-48976.02747748777
-48976.02747748777
-48976.02852125071
-48976.03105293102
-48976.033418637846
-48976.03471720518
-48976.037354079956
-48976.037354079956
-48976.039330567226
-48976.04143562552
-48976.04143562552
-48976.03936095675
-48976.03500473674
-48976.036032136086
-48976.037350573475
-48976.037350573475
-48976.03800044156
-48976.03026747897
-48976.031797474134
-48976.02144984446
-48976.02075672978
-48976.020389717945
-48976.02174789548
-48976.021325948765
-48976.021325948765
-48976.018603749566
-48976.02174906431
-48976.02112491043
-48976.01973751222
-48976.02200153103
-48976.021773609675
-48976.020660885915
-48976.02216750454
-48976.03463772491
-48976.03571304618
-48976.04639963581
